51
392
466
791
995
762
1000
883
452
575
966
483
887
327
363
501
434
218
106
162
344
988
951
878
731
300
213
177
974
167
793
997
69
852
355
709
183
830
228
999
201
459
159
104
134
879
225
120
595
601
802
801
662
612
990
285
214
972
631
886
234
457
377
288
89
338
230
245
617
873
522
939
843
3
207
130
61
517
576
571
705
994
190
609
256
635
806
840
463
134
308
595
995
808
677
689
830
48
143
811
316
870
812
132
152
100
880
898
50
629
975
287
481
354
628
244
992
498
157
431
985
784
127
60
332
272
185
294
772
934
721
622
343
239
457
469
237
624
384
527
77
297
903
301
604
61
276
409
539
645
565
51
95
762
1000
222
899
179
608
281
761
409
75
936
514
571
299
902
155
106
5
701
848
374
292
394
646
591
529
637
769
534
271
338
294
127
311
480
367
282
384
562
923
729
790
690
41
746
847
203
101
501
454
297
538
173
396
215
677
762
220
995
362
161
809
143
554
766
126
389
57
412
77
752
130
748
235
153
783
544
975
388
851
591
512
512
618
221
870
484
173
123
355
348
266
64
884
658
932
353
611
970
569
840
105
576
962
963
790
53
5
809
951
932
136
520
887
948
160
934
227
58
758
695
262
372
163
437
984
146
621
303
928
131
783
774
786
210
351
24
154
509
161
15
105
100
83
729
829
492
552
575
687
167
109
226
163
444
347
950
624
689
315
934
937
823
232
174
25
567
321
440
753
285
164
325
471
691
820
111
139
138
390
414
932
832
987
320
585
584
982
933
742
37
942
490
754
344
980
447
215
436
274
712
28
260
84
548
869
372
670
324
561
314
640
104
609
274
492
512
558
253
794
196
714
294
719
934
424
407
47
443
927
878
568
101
373
589
771
499
821
48
807
548
438
305
982
646
991
161
114
962
892
678
904
803
700
45
34
263
90
631
346
525
263
931
264
429
310
861
477
841
167
44
841
890
629
97
363
802
681
937
123
522
814
878
768
284
998
307
635
850
726
618
754
608
506
613
569
625
442
621
400
142
440
565
322
119
160
931
63
826
347
139
722
756
740
576
707
11
385
497
207
417
64
413
769
374
460
472
767
607
155
766
61
768
402
444
317
476
674
505
99
39
214
967
968
886
363
475
178
903
228
301
742
266
506
89
974
869
503
113
686
511
697
905
541
339
317
812
832
525
416
535
884
224
959
136
74
703
581
336
679
612
250
72
740
744
480
558
914
163
157
93
708
335
65
751
504
134
453
456
234
202
62
623
174
410
718
586
773
237
929
682
431
97
488
46
474
127
671
707
885
989
876
561
254
855
109
199
370
260
436
514
737
183
505
190
611
613
886
795
637
333
68
563
425
269
486
581
958
669
476
792
777
177
499
184
756
151
691
191
754
328
837
417
609
791
640
322
351
787
647
414
645
421
863
298
306
321
901
469
354
275
588
222
787
80
295
193
205
196
406
419
848
331
889
438
754
902
147
809
651
248
45
306
521
369
298
668
922
706
236
256
149
4
451
990
567
494
870
424
544
940
161
506
539
811
112
414
350
247
465
346
0
849
842
88
88
347
909
49
372
802
615
526
257
945
45
253
360
32
617
107
535
258
198
462
580
329
533
228
685
366
96
286
5
523
612
43
389
327
295
748
447
730
843
74
309
785
999
217
975
598
380
803
552
115
896
533
357
314
91
361
355
713
481
341
945
421
390
441
112
311
482
965
148
596
562
331
674
638
257
131
243
381
861
350
653
479
957
68
903
987
560
85
336
202
746
930
743
32
675
807
408
137
657
749
235
157
383
127
83
724
273
711
909
523
109
478
287
941
91
403
136
988
745
886
410
947
669
557
318
107
839
843
152
170
14
358
921
588
236
752
467
768
111
413
297
487
444
807
874
257
681
598
158
22
338
331
241
462
485
502
192
333
248
602
501
261
836
560
174
793
640
559
597
445
686
495
431
738
601
103
973
803
87
896
304
1000
478
327
605
460
945
857
66
22
838
31
499
819
955
331
252
928
483
627
486
87
568
818
383
116
694
182
268
598
916
165
115
438
53
668
48
795
759
647
480
401
955
676
544
393
962
6
523
590
223
378
987
904
536
941
831
273
32
327
334
540
470
794
523
613
162
319
626
331
394
219
592
832
761
182
602
626
542
19
839
650
993
259
939
265
316
519
76
363
715
495
45
311
338
428
619
624
375
895
294
486
290
738
112
195
887
431
972
764
399
144
485
170
709
614
555
8
145
900
321
157
418
67
393
406
179
716
602
374
46
581
733
163
885
390
527
973
772
571
748
887
583
280
931
716
217
10
815
272
987
236
971
886
280
226
356
136
236
717
999
616
118
81
568
670
93
126
235
41
213
706
157
499
226
499
195
673
616
549
754
987
282
696
601
822
313
110
932
421
764
697
927
801
637
67
693
135
653
540
183
797
374
706
200
513
477
294
927
10
410
140
714
945
598
211
476
267
448
738
295
464
147
212
361
339
589
117
687
824
283
125
139
850
569
520
665
237
732
5
901
854
233
886
451
456
841
4
415
983
40
650
528
238
547
441
232
994
82
709
59
142
974
171
398
295
156
124
571
909
602
228
50
348
242
344
996
689
558
768
895
317
216
123
765
374
583
140
627
489
172
871
96
42
494
804
221
80
184
772
387
625
139
471
794
686
800
692
961
95
249
491
967
851
733
395
907
218
658
766
556
450
170
7
539
435
187
604
257
793
477
236
176
272
371
13
192
908
751
726
344
431
712
242
366
926
607
234
788
640
538
203
703
273
563
817
228
835
513
871
818
454
923
404
34
278
23
411
66
642
926
849
816
682
857
777
57
129
244
930
80
338
325
587
309
465
572
751
281
838
857
388
888
532
794
76
54
274
652
856
741
993
146
792
257
238
633
252
895
508
479
703
328
605
507
298
977
158
19
516
76
223
842
861
368
537
530
638
863
967
82
43
80
208
630
738
382
878
430
781
531
928
522
978
501
377
394
369
163
391
732
377
985
989
405
260
917
328
999
735
288
922
138
90
339
493
206
500
993
547
733
29
802
263
796
902
681
583
28
650
982
588
658
10
159
420
184
276
609
631
150
849
176
923
562
268
982
974
954
320
756
688
692
846
827
659
959
678
491
363
683
950
793
513
331
369
385
39
947
891
559
771
644
702
294
375
705
291
342
790
66
314
322
542
480
621
521
150
849
913
95
982
900
671
641
769
382
977
695
869
994
22
623
99
491
11
403
441
274
142
711
805
44
458
644
170
236
359
76
875
981
696
351
341
151
604
640
913
930
728
945
241
927
753
543
992
698
378
418
942
177
673
171
968
250
549
44
263
929
712
178
347
629
59
652
743
436
541
579
840
885
963
146
279
667
942
666
389
214
763
262
552
437
799
249
260
474
188
681
349
728
722
462
66
799
281
175
719
819
432
834
336
931
803
267
361
656
306
694
882
146
129
801
576
192
201
772
495
916
655
779
903
170
724
387
963
150
732
303
180
23
322
796
290
613
842
85
218
197
73
861
587
774
476
256
2
533
339
217
267
453
571
933
858
478
108
615
841
83
718
923
108
981
574
242
853
570
279
54
330
538
77
919
606
212
403
278
536
270
765
453
579
574
313
11
317
655
717
87
907
115
491
61
660
882
251
635
907
303
494
621
200
916
914
579
275
288
229
813
758
933
989
4
304
698
43
338
272
829
218
695
899
344
492
6
310
834
102
526
900
579
888
420
561
375
977
474
469
372
605
717
240
696
538
94
396
830
642
609
829
473
967
380
205
686
673
821
457
177
592
472
889
747
541
690
591
489
105
267
140
133
334
419
639
81
893
751
760
203
621
389
200
495
488
506
69
464
149
568
343
196
182
405
44
213
95
981
546
114
518
543
842
93
192
420
1000
177
472
790
443
431
468
329
373
561
467
215
308
883
588
328
886
181
547
545
921
465
735
647
526
230
241
785
393
52
740
380
665
677
315
648
678
361
725
186
260
323
691
384
567
238
800
553
808
606
213
849
477
433
449
210
257
190
455
482
156
360
661
836
727
895
442
448
546
140
577
171
458
157
50
329
159
265
813
348
589
808
9
753
252
603
567
479
229
736
890
49
578
280
745
459
218
457
581
74
899
57
531
541
771
219
848
474
530
298
487
105
941
625
51
256
355
125
817
551
647
260
252
483
200
935
127
550
638
271
782
933
811
131
476
789
504
878
205
334
258
603
399
682
368
175
884
895
286
544
80
351
830
783
317
482
155
460
361
763
858
981
345
593
288
790
754
650
491
53
740
688
89
930
364
108
965
971
122
379
82
618
400
438
481
892
834
839
981
719
168
440
700
682
477
32
844
44
505
705
188
970
779
206
292
79
560
347
419
228
64
42
219
964
222
960
726
923
328
702
773
736
992
402
690
243
435
235
172
814
251
201
866
617
648
206
96
13
877
621
94
995
677
142
626
23
846
77
608
932
188
59
962
167
427
898
934
849
952
795
375
643
892
380
790
992
844
937
611
191
314
435
714
994
600
318
925
27
978
183
158
592
650
80
336
402
206
952
852
693
519
699
312
251
55
341
356
165
891
590
309
407
26
171
205
970
304
583
47
872
930
456
289
374
702
763
221
816
645
45
55
279
704
811
584
643
761
744
895
727
595
965
898
197
107
231
702
537
800
625
109
697
34
456
416
161
905
980
573
485
656
578
493
545
861
798
509
307
538
418
281
269
423
528
758
972
703
586
816
770
444
990
819
548
366
786
697
543
763
718
829
425
715
590
202
715
580
843
855
309
584
95
988
27
102
697
790
83
113
737
755
54
463
921
335
785
67
780
584
794
924
61
867
226
943
6
174
45
606
86
680
79
672
46
809
264
214
46
480
569
325
854
53
490
147
248
220
389
1
668
728
620
354
254
152
949
683
46
3
295
501
466
838
358
503
88
801
10
53
549
478
656
704
252
177
590
361
241
762
70
874
161
640
467
35
670
364
764
659
92
531
106
588
76
99
641
636
58
888
29
266
405
611
459
737
980
162
139
133
440
686
547
991
387
218
639
147
914
331
761
409
990
38
261
861
873
941
233
583
753
5
462
843
33
246
529
1000
699
281
88
175
321
895
486
176
588
609
827
371
736
738
862
184
996
234
829
266
651
307
914
191
189
534
750
964
276
381
412
662
21
299
410
427
932
357
979
143
261
602
708
469
957
738
418
29
901
562
736
600
97
156
883
748
940
765
228
694
693
56
441
670
860
965
218
932
216
133
983
722
42
108
459
415
725
841
812
513
216
341
207
379
347
507
235
911
384
824
128
599
406
521
255
386
898
962
267
856
863
400
709
440
707
834
43
162
77
914
519
817
814
184
474
680
435
626
727
950
966
909
639
235
772
116
308
644
83
990
521
127
607
146
830
155
9
102
550
1
66
159
875
748
149
700
95
975
259
264
491
12
332
326
980
298
899
459
948
546
344
527
17
184
906
848
711
656
419
993
295
271
642
216
910
891
136
751
796
458
123
4
955
357
377
250
908
499
461
616
568
817
545
537
204
594
832
542
248
736
598
815
63
196
857
661
177
320
825
328
106
277
708
631
871
810
828
514
781
965
413
717
888
434
177
206
939
692
891
234
892
481
903
949
26
634
822
501
352
583
621
840
927
985
13
684
245
503
45
882
39
347
103
964
604
446
55
590
997
389
744
724
599
48
494
939
150
172
34
471
912
148
116
985
240
872
355
587
772
450
610
512
847
278
425
447
672
344
746
858
181
96
288
513
395
651
908
724
493
496
838
552
324
123
10
59
518
968
801
428
759
66
577
782
30
941
989
653
320
450
496
807
788
830
312
901
654
294
378
481
179
137
817
957
657
865
675
110
182
154
597
978
203
116
26
345
386
56
436
207
941
352
703
224
220
938
705
115
346
528
544
428
146
608
220
914
858
937
138
612
24
383
830
427
310
943
286
295
504
600
970
297
120
416
554
820
407
299
760
130
425
328
470
838
605
922
675
364
497
0
69
607
565
867
19
562
627
650
919
825
179
264
427
979
328
112
713
866
930
582
430
744
954
562
752
960
212
552
414
943
269
27
453
936
911
854
963
393
120
781
534
178
323
385
551
751
896
725
179
364
253
8
487
201
22
315
918
941
93
239
682
403
429
739
87
954
981
199
476
293
767
981
886
872
556
62
451
846
502
580
4
223
323
833
834
533
639
539
823
47
586
423
819
90
810
151
241
234
578
75
278
153
727
731
195
734
220
4
575
830
82
371
467
251
33
593
502
93
969
211
926
484
955
883
511
587
90
876
660
892
619
529
766
650
845
229
680
87
877
241
713
152
307
496
806
651
118
970
567
949
375
885
499
545
791
523
748
341
661
34
989
217
679
257
606
410
501
21
661
90
339
134
863
599
307
605
524
403
531
929
276
368
134
43
449
657
324
15
245
978
554
474
940
614
941
854
456
472
661
223
918
112
610
707
201
8
399
287
640
229
858
284
730
262
187
155
653
676
847
95
189
765
978
645
866
311
288
980
772
139
854
650
169
724
16
10
182
252
661
414
54
617
765
730
267
999
741
505
857
267
563
498
770
71
871
754
32
67
195
324
962
984
418
548
127
443
477
497
680
965
546
288
677
974
138
145
468
380
433
48
844
369
764
625
780
227
810
162
905
451
181
832
838
217
109
57
80
771
214
582
941
786
535
200
359
672
455
372
601
38
738
549
135
350
779
869
54
113
605
252
639
161
282
77
60
119
420
14
583
227
141
200
742
432
945
30
397
279
52
688
830
620
552
846
735
302
848
635
587
249
806
408
743
61
912
876
124
444
14
71
278
620
868
704
392
190
942
705
326
702
679
563
165
955
687
143
777
33
573
389
734
339
962
119
911
362
2
744
747
98
444
659
356
578
819
618
299
855
128
682
317
289
970
42
286
63
90
474
180
733
44
953
312
227
933
491
550
614
220
99
493
854
375
109
663
645
303
584
821
331
877
287
907
910
66
544
107
889
804
548
947
766
403
759
633
474
794
341
752
329
502
607
100
813
460
221
253
355
310
293
563
817
141
784
633
290
954
782
684
877
259
637
460
827
432
706
663
817
644
356
241
211
733
186
438
256
953
361
286
489
549
655
675
338
176
169
409
477
897
686
740
383
488
95
229
2
878
150
203
625
754
449
971
390
928
169
184
134
368
831
756
685
434
1000
380
642
840
240
473
878
172
577
730
248
559
742
883
678
18
700
353
779
458
576
708
858
37
309
150
308
810
476
905
652
487
919
906
22
152
816
527
354
586
593
775
919
421
842
479
285
314
669
884
45
839
828
97
582
765
515
386
532
722
688
84
984
235
977
755
214
372
551
768
458
830
479
892
32
425
524
917
113
1
924
687
18
720
303
140
246
921
990
90
654
922
983
660
880
631
415
42
951
513
575
810
211
516
441
999
33
943
755
514
576
636
195
888
412
113
444
859
394
64
983
894
203
187
333
876
896
344
948
510
253
492
841
761
378
358
641
785
380
407
531
898
977
668
913
535
486
309
349
507
426
480
783
953
521
90
1000
128
448
659
789
472
663
132
125
94
69
453
946
985
523
564
197
296
131
692
640
376
217
371
297
904
14
905
301
641
69
181
725
109
632
834
451
624
232
783
670
441
245
664
425
969
291
256
808
479
39
730
362
352
961
63
764
278
46
126
607
114
649
395
578
490
879
924
458
138
733
513
728
29
524
131
685
8
317
902
793
253
158
397
245
195
13
702
811
480
698
726
802
762
900
339
655
86
222
980
624
372
544
434
650
586
213
38
869
121
435
53
299
738
995
689
601
241
820
457
771
951
281
519
698
451
245
18
774
534
92
458
30
723
171
159
928
365
699
585
360
789
875
194
743
80
357
243
913
824
998
178
69
619
658
598
139
797
558
528
949
810
688
236
745
122
358
214
916
347
306
452
761
698
769
252
296
934
204
807
952
67
745
33
150
846
240
321
51
924
863
388
654
751
534
508
627
292
491
69
339
693
909
476
499
791
15
226
103
47
484
568
815
642
953
393
831
858
941
281
171
46
204
489
318
346
113
325
553
717
482
347
9
746
851
711
227
230
935
935
482
476
334
569
634
144
619
974
708
204
168
829
620
618
970
180
110
606
931
430
713
516
901
458
740
53
195
632
477
63
320
445
311
25
414
1000
582
222
63
221
774
140
359
414
352
626
113
548
312
300
646
84
90
823
178
806
172
441
154
657
237
192
638
693
373
242
556
167
550
550
338
557
797
595
810
342
106
924
783
85
767
726
663
112
269
435
43
136
717
689
159
764
306
916
272
480
877
770
215
46
518
30
34
500
778
245
46
813
615
425
429
137
583
228
653
368
538
948
852
924
956
547
624
511
375
192
953
398
231
701
322
580
652
229
741
610
383
134
390
975
514
213
434
406
736
740
181
408
555
504
157
142
346
840
375
898
83
912
608
595
305
733
418
496
713
726
929
777
986
205
995
703
943
367
389
252
348
517
196
177
498
894
16
627
932
3
114
207
604
853
330
54
670
189
683
983
170
818
753
945
148
458
597
614
284
721
675
397
828
545
798
343
476
149
841
931
318
394
149
282
826
307
760
117
19
580
260
642
944
996
743
494
532
975
605
828
344
663
156
797
311
759
2
686
576
649
613
151
545
366
996
886
379
544
204
215
226
67
256
628
665
709
599
144
672
87
200
539
798
992
420
675
733
802
32
265
710
921
626
299
220
58
893
251
394
953
490
341
671
727
756
636
376
972
500
754
556
120
454
740
301
933
263
614
888
437
47
445
38
795
268
51
102
171
322
444
26
674
801
905
689
305
452
735
348
461
115
707
785
304
957
128
889
926
475
342
461
292
229
875
446
82
65
645
514
224
204
287
207
775
759
748
410
320
224
895
702
880
382
430
953
468
453
370
374
835
875
633
522
664
371
238
573
958
692
522
584
476
133
582
230
117
769
85
631
155
843
314
145
736
170
871
927
803
749
540
732
843
928
288
384
123
681
45
49
683
578
467
33
514
375
492
305
688
850
535
622
767
952
613
25
755
656
297
656
78
288
652
157
731
473
929
251
597
573
735
580
408
948
519
86
30
295
954
159
1
791
837
425
436
420
319
740
127
233
397
468
282
461
245
289
675
867
800
411
555
50
340
969
664
157
7
259
651
16
756
916
739
493
332
613
217
120
941
891
420
557
708
916
948
481
898
589
75
835
349
972
727
571
987
418
204
924
183
17
566
863
472
30
810
767
925
138
994
802
870
961
85
480
376
399
267
738
625
947
967
126
962
505
930
151
493
228
469
780
710
80
280
123
452
453
249
748
0
980
433
163
823
547
393
317
962
466
758
447
920
918
457
583
611
826
370
716
582
206
694
507
990
609
662
13
997
856
12
501
897
711
862
977
993
191
690
359
621
550
447
510
884
876
504
532
229
382
139
101
153
532
401
515
445
362
520
167
199
666
324
199
498
281
791
995
8
681
152
409
887
657
714
745
623
812
757
718
975
162
302
354
216
735
831
115
458
435
1
387
866
698
377
635
968
820
94
26
747
111
665
547
865
997
773
284
612
286
55
457
876
3
486
386
377
276
535
554
491
661
265
875
410
880
1000
378
110
776
94
486
746
507
248
376
67
244
420
412
787
221
935
219
279
740
583
440
733
528
877
491
607
595
577
453
52
636
932
450
257
345
805
54
270
174
192
130
363
676
186
987
429
732
501
918
278
438
448
26
547
568
625
212
248
100
55
683
620
907
245
224
178
221
887
506
714
124
902
723
370
620
370
447
526
603
636
305
849
481
689
692
491
277
226
786
827
831
366
678
898
844
571
430
744
398
621
961
167
951
180
390
28
146
681
995
10
590
969
871
397
51
953
135
761
757
747
497
441
900
768
150
908
266
306
879
777
449
907
156
475
975
961
613
34
143
679
493
142
525
747
490
889
99
961
982
935
212
722
404
896
452
180
907
842
410
857
156
948
561
320
338
961
945
245
707
889
142
652
458
131
256
488
912
786
40
65
562
632
402
181
133
28
818
112
821
253
945
370
261
64
510
792
173
329
207
24
246
805
275
531
818
461
403
368
59
592
996
702
430
488
562
642
24
681
839
661
156
686
526
796
645
261
418
8
143
890
849
965
386
283
860
941
909
296
50
529
915
641
74
379
603
985
928
853
236
817
844
252
76
451
337
954
509
570
910
325
189
191
924
915
101
229
961
59
115
165
988
445
834
370
691
103
234
631
585
373
164
201
75
768
590
537
169
36
907
200
264
976
367
463
142
620
112
532
710
951
704
359
632
73
533
130
112
839
988
450
907
231
507
804
388
329
735
201
954
286
199
647
411
563
192
871
79
859
426
856
24
475
628
959
204
238
314
133
936
110
47
700
161
230
762
30
664
212
958
121
451
966
243
605
407
129
179
50
818
572
840
727
167
201
802
639
822
605
284
593
517
275
562
251
305
936
252
629
677
607
668
529
624
973
425
486
358
272
266
954
40
914
834
229
485
694
351
223
800
525
954
641
391
885
576
941
38
335
884
68
709
947
752
88
205
401
349
657
978
326
684
822
900
728
170
840
868
393
508
871
947
543
818
770
159
153
24
220
287
289
705
751
938
52
595
929
516
232
999
776
920
590
563
941
10
491
776
871
342
612
651
978
985
181
337
211
818
746
285
438
901
215
176
686
323
186
943
897
402
757
106
456
711
102
437
384
293
280
352
508
688
440
187
950
991
459
979
113
54
855
797
116
720
956
497
595
264
737
334
580
699
93
334
166
919
835
711
260
689
336
982
289
633
211
644
993
503
720
113
232
80
792
413
69
756
9
773
875
545
146
364
40
45
974
955
243
344
910
297
956
690
90
938
130
367
615
768
249
955
365
288
721
431
126
649
973
13
295
23
177
961
279
378
665
586
922
704
386
451
428
175
744
451
887
974
920
585
555
959
404
158
377
734
600
924
154
225
749
286
942
293
157
702
365
252
762
291
33
743
796
695
558
883
378
454
241
502
69
732
383
191
431
515
806
549
140
285
142
674
322
160
716
407
298
543
226
98
392
632
484
614
712
213
50
919
645
59
916
174
642
627
158
587
799
88
765
647
77
214
738
956
721
781
877
950
97
648
577
787
41
657
1
374
735
652
313
933
454
485
868
184
968
533
45
516
948
49
445
407
510
27
266
253
213
453
548
228
849
596
3
53
49
288
566
718
623
845
514
374
453
378
496
729
841
339
150
790
649
86
812
741
822
294
571
812
632
180
300
909
117
468
768
813
467
45
626
739
643
189
30
598
282
659
153
121
170
909
600
160
917
655
740
599
310
9
947
999
9
153
636
128
155
971
591
422
826
63
958
69
229
216
831
592
336
920
292
908
930
515
68
727
669
185
50
847
491
503
30
297
795
797
356
78
937
478
45
869
53
343
34
672
491
378
230
701
39
952
811
992
379
918
244
264
675
154
454
689
715
469
184
723
348
960
226
58
183
435
809
193
75
778
444
542
723
531
289
167
685
246
314
168
500
864
484
986
535
449
274
423
303
398
937
954
655
375
684
906
871
736
412
187
987
312
729
373
807
444
213
313
649
498
448
735
818
469
519
622
248
811
325
147
443
57
310
694
80
658
945
348
566
161
964
283
946
967
798
171
974
682
198
108
827
310
805
37
805
791
979
462
883
131
134
969
433
565
652
692
35
936
716
27
125
556
867
253
520
435
217
681
874
43
787
483
114
847
26
806
969
125
644
85
480
778
653
506
352
968
187
475
753
372
383
940
719
115
737
931
758
415
871
684
252
810
253
15
254
837
27
887
907
497
766
527
172
631
963
196
154
440
680
672
290
150
825
666
349
140
282
615
584
910
638
405
749
514
895
728
771
640
623
826
773
460
376
883
827
326
508
810
833
64
493
869
596
511
554
347
692
165
537
904
815
246
537
924
178
701
13
154
829
91
223
438
51
599
3
565
793
874
245
202
339
574
76
425
192
387
886
376
821
825
885
322
406
956
534
735
869
632
172
10
180
904
509
263
942
825
688
987
261
254
483
533
312
211
257
725
69
766
750
999
537
775
525
57
516
928
590
664
184
634
460
178
936
482
180
311
14
35
66
209
31
200
751
265
942
189
319
839
382
901
781
68
930
157
130
514
679
497
552
810
28
792
371
609
965
685
927
264
885
532
909
622
203
221
684
540
987
610
628
576
646
464
935
307
652
257
915
54
767
242
533
616
431
340
670
797
24
405
667
238
614
896
724
534
175
488
249
165
163
439
280
753
891
182
462
59
551
980
859
801
478
796
34
183
784
239
239
842
169
296
599
432
466
866
236
129
695
240
705
959
274
943
452
943
821
960
884
686
376
141
524
620
292
179
335
158
857
597
585
623
462
227
502
229
818
968
517
478
683
759
588
320
560
940
627
827
172
41
220
276
40
512
278
308
252
234
744
503
367
402
592
891
278
14
676
154
315
984
363
618
877
211
373
97
121
703
6
145
737
7
856
364
773
250
934
206
655
689
569
961
662
577
757
674
134
359
762
796
695
168
616
308
900
859
302
747
826
338
130
239
550
714
424
705
202
106
885
994
772
965
175
67
137
848
300
13
616
489
772
756
551
596
120
74
157
764
420
640
963
82
111
292
557
387
543
231
905
771
846
793
32
459
570
444
320
824
21
166
447
233
373
773
104
859
242
870
609
20
135
194
621
494
510
754
269
863
145
218
255
783
453
723
818
505
359
683
522
847
926
337
811
853
570
868
230
900
833
329
19
164
421
346
555
255
289
294
329
544
42
405
619
521
423
28
806
143
610
750
424
365
129
150
280
835
128
781
694
667
990
898
164
733
242
772
908
552
298
629
963
567
858
146
640
965
126
500
919
869
98
116
892
714
502
552
923
662
535
326
703
371
656
877
476
244
245
413
124
7
20
613
71
308
662
205
92
209
893
142
337
554
824
650
941
500
91
844
513
145
797
725
975
615
93
93
306
341
562
604
686
776
412
579
375
52
647
883
309
872
954
572
249
697
707
945
47
626
887
339
751
807
826
436
29
255
918
401
720
819
168
548
466
345
517
754
458
22
601
128
483
614
516
770
510
845
896
317
99
585
918
122
512
47
759
186
249
263
69
851
48
449
633
295
344
662
653
614
70
808
408
774
614
787
660
996
907
832
93
898
877
585
237
8
210
903
538
313
634
26
258
973
76
209
418
413
135
470
662
332
29
292
24
573
298
699
386
495
261
449
928
67
433
0
600
108
282
473
735
429
437
773
460
765
417
401
354
924
692
983
56
860
828
782
620
392
530
295
622
442
229
569
751
562
757
762
760
943
808
659
718
396
60
184
603
407
589
385
237
111
159
365
103
129
176
669
136
135
605
122
340
862
5
997
496
692
672
520
16
643
987
728
515
371
493
656
292
773
111
988
989
329
811
801
536
345
595
148
441
429
283
316
767
666
335
992
943
551
456
155
139
730
233
339
626
497
513
514
413
218
770
692
553
680
137
756
9
249
79
29
565
331
24
318
608
368
309
727
632
757
97
963
668
202
752
822
851
707
695
132
816
261
580
704
765
234
936
20
751
889
602
103
760
265
485
744
710
802
955
233
845
377
463
544
495
343
845
459
899
588
178
1000
421
92
740
679
254
326
722
551
846
48
602
732
45
479
532
468
36
674
694
12
293
547
364
11
388
241
414
756
99
481
77
505
270
556
204
637
993
272
607
270
352
596
12
813
408
484
838
144
160
943
434
278
745
89
819
767
585
556
908
799
791
438
510
637
872
837
807
369
486
817
916
12
463
851
488
459
235
331
438
102
568
431
625
452
869
921
139
897
649
747
958
344
180
343
476
241
560
676
87
138
57
799
920
479
85
607
241
37
908
607
464
591
786
712
446
354
873
147
272
582
573
209
113
59
492
885
660
761
620
287
443
65
220
48
613
353
562
958
710
925
547
714
87
206
543
605
819
614
643
87
258
665
910
151
422
683
157
760
849
2
444
512
6
934
572
571
117
191
174
881
148
464
478
317
675
460
153
178
243
759
286
715
804
101
583
375
786
344
109
454
5
35
303
925
912
377
21
829
343
490
612
380
351
998
690
823
57
516
872
216
914
262
571
622
358
337
93
846
96
514
817
988
467
585
365
577
461
546
315
593
216
143
387
852
490
203
868
950
579
497
644
478
227
0
799
296
396
542
471
552
83
719
934
775
461
719
161
19
485
509
70
958
121
26
112
201
394
537
68
298
419
483
606
901
501
820
701
814
462
743
674
22
166
412
798
773
981
253
736
294
686
634
57
967
261
601
967
7
438
471
237
873
989
92
338
430
78
346
28
749
820
494
678
936
898
552
339
138
984
601
602
829
372
566
586
328
894
871
717
607
214
797
66
237
191
682
962
209
955
240
178
266
548
115
688
937
761
186
862
838
598
604
698
730
69
507
529
269
78
353
582
981
573
287
453
730
927
228
585
883
172
188
743
456
356
13
78
211
972
968
772
586
515
819
737
365
866
994
228
190
139
342
599
524
672
988
242
574
150
550
506
844
623
560
802
714
184
328
487
837
609
565
353
211
400
822
465
496
146
269
623
500
84
876
114
184
338
138
369
839
127
496
441
357
761
477
332
968
555
766
445
260
73
379
89
320
358
163
474
654
314
944
742
165
804
18
144
354
986
827
4
362
233
406
984
37
673
100
488
891
991
526
23
786
58
800
720
260
83
664
821
120
101
991
448
311
620
359
889
859
71
949
731
387
7
933
765
864
459
553
993
256
539
963
51
532
15
985
526
937
979
54
993
176
699
871
628
103
80
632
372
360
285
758
572
942
644
885
379
613
60
650
840
797
489
551
772
681
825
867
768
896
267
513
446
967
767
196
957
885
338
656
767
576
579
893
474
193
454
682
133
254
512
354
633
606
77
211
542
463
194
885
429
73
324
126
181
498
283
914
767
414
466
241
545
954
484
106
55
252
793
108
418
52
160
828
68
89
977
387
599
129
901
391
159
482
604
725
489
804
38
687
788
746
281
909
7
496
570
233
929
172
88
9
144
501
132
337
847
805
30
535
357
949
597
782
325
813
302
604
228
96
997
86
682
156
737
795
199
869
41
633
873
440
44
583
131
217
439
795
200
339
40
189
92
867
668
498
492
174
504
629
762
639
247
16
352
581
308
993
5
20
816
200
172
348
105
533
316
759
768
998
392
324
661
866
533
949
789
382
693
701
122
313
443
346
513
555
797
55
454
99
357
94
280
710
742
223
568
1
619
906
273
714
186
374
262
337
673
2
115
115
524
678
815
79
567
327
142
896
758
355
991
599
398
709
954
447
754
261
21
601
303
271
553
96
95
894
213
483
272
84
352
724
674
282
519
663
648
226
902
885
632
876
602
935
655
977
944
626
741
955
544
611
661
978
253
142
316
990
561
678
241
740
499
595
119
854
618
287
592
606
825
200
190
2
293
234
713
994
368
602
80
404
286
46
957
618
151
305
229
139
995
652
612
877
461
975
181
772
569
745
216
908
31
725
945
203
534
946
77
120
977
689
358
520
882
890
325
566
17
101
55
869
11
826
95
368
592
419
320
25
289
433
505
436
22
757
174
354
44
730
423
343
725
341
666
625
512
920
249
622
984
649
413
497
736
518
38
282
581
694
422
365
767
278
64
622
409
581
572
162
186
431
708
557
264
772
106
578
437
654
812
862
212
378
942
940
778
33
836
14
473
723
729
894
622
409
947
515
589
259
735
396
294
303
692
271
90
646
403
937
206
317
803
73
902
909
275
569
457
728
349
322
71
231
506
825
505
353
949
941
769
166
489
333
527
287
808
613
465
323
210
368
541
387
153
718
867
842
493
86
317
484
91
732
621
753
798
651
529
60
320
67
580
951
138
594
231
252
413
54
589
220
800
828
444
206
651
22
161
364
708
913
88
434
616
432
41
324
970
201
281
608
853
54
904
819
353
359
10
444
80
364
355
207
415
974
693
799
408
76
159
256
253
768
395
539
71
231
998
183
818
196
267
632
373
237
362
189
992
969
599
965
967
333
40
294
448
394
698
514
215
734
195
725
399
705
20
786
273
649
121
742
864
767
347
237
454
146
759
485
697
92
466
566
651
71
865
812
994
832
256
340
503
613
8
944
899
520
394
506
204
756
192
924
694
209
702
404
927
993
218
974
486
275
157
368
58
913
809
503
404
962
732
442
963
154
142
297
371
914
313
248
237
576
984
924
890
232
519
569
481
599
710
154
982
155
389
551
62
192
41
335
775
526
892
809
190
555
934
231
540
623
835
769
123
217
596
649
966
11
846
168
766
450
641
797
253
701
798
145
295
317
339
760
964
781
41
319
276
575
999
789
241
658
394
989
411
992
237
249
582
724
946
946
804
793
165
351
575
769
444
211
569
791
498
897
153
428
333
867
686
724
203
873
628
1
95
307
412
531
771
823
968
497
626
856
824
697
952
424
501
243
811
740
381
575
582
58
162
86
24
473
386
732
31
507
351
770
381
830
380
426
99
714
579
128
898
652
670
566
354
560
423
455
964
568
495
339
618
991
248
670
30
447
159
89
301
656
307
742
447
714
697
687
128
495
669
240
585
787
119
380
683
380
716
147
94
289
728
180
969
720
600
468
731
579
933
471
412
573
205
61
928
363
658
358
815
99
369
137
899
282
269
770
137
769
500
414
121
875
340
210
961
778
209
990
661
86
76
32
360
210
999
348
652
726
179
757
398
131
859
495
575
567
789
470
434
356
584
838
896
362
418
678
2
532
700
275
905
524
539
509
525
249
800
342
166
847
456
660
750
867
618
836
963
384
292
798
650
834
403
510
819
576
443
236
658
837
529
290
169
42
280
729
343
38
86
305
734
523
167
772
507
345
329
439
61
896
234
124
790
84
108
106
14
335
694
842
970
828
513
680
959
589
24
114
400
228
702
355
78
437
876
446
727
386
724
74
827
495
269
464
816
669
428
164
824
446
107
683
109
261
1
351
967
294
65
949
294
683
856
853
138
839
126
602
77
140
198
248
875
303
587
943
914
538
603
271
766
336
638
655
111
258
670
729
764
362
584
999
157
247
388
963
660
585
517
308
986
667
867
785
23
566
13
963
91
993
946
954
943
899
801
764
125
903
648
276
366
656
849
425
395
115
513
218
83
547
659
489
158
833
14
721
613
946
489
410
221
196
326
203
987
893
311
498
341
346
595
539
597
577
69
415
608
696
703
886
511
114
628
837
695
161
278
196
730
575
555
546
192
864
63
316
981
22
553
535
662
29
490
727
259
506
842
11
115
548
285
58
610
911
753
934
440
239
729
607
879
730
425
281
410
933
889
886
648
727
414
651
938
36
433
707
578
8
398
957
166
961
521
846
760
390
738
169
267
897
47
709
248
535
341
824
952
527
183
675
830
370
43
162
690
771
796
134
911
839
659
534
169
402
427
509
7
807
856
620
925
264
650
279
40
25
305
699
881
694
339
282
961
447
223
185
661
499
970
311
477
23
163
203
673
245
383
361
408
197
791
69
152
742
711
714
846
84
251
390
338
811
999
231
112
468
115
793
177
467
792
79
430
142
851
383
881
568
608
967
806
981
636
412
733
648
281
351
924
922
637
894
84
231
828
476
894
49
190
793
180
875
97
282
860
95
787
922
912
108
814
385
159
697
138
760
463
10
267
25
175
253
23
102
623
946
108
314
450
60
128
944
575
169
578
351
658
31
206
901
953
182
940
309
717
39
680
75
603
414
311
767
537
799
283
748
64
33
79
150
147
434
283
851
555
433
87
707
226
295
512
529
897
638
155
57
833
838
735
231
516
121
323
812
368
727
959
735
455
386
490
138
944
868
905
515
232
295
289
899
423
211
869
890
399
403
256
670
216
825
607
662
838
653
602
816
162
198
952
804
798
517
772
470
589
714
308
357
400
729
836
222
755
22
194
748
784
838
256
686
990
908
110
546
823
154
542
286
446
535
33
484
431
251
128
238
965
463
398
649
567
589
126
342
796
637
36
388
609
64
100
94
66
581
592
832
60
934
339
202
76
704
128
166
629
681
533
473
859
858
626
24
838
805
900
366
83
809
667
937
567
838
219
537
266
29
886
238
921
100
245
256
313
154
785
840
106
734
931
822
841
646
49
1000
211
948
478
393
890
130
492
911
260
92
81
803
747
215
383
855
46
842
668
189
253
834
78
637
837
97
15
825
832
16
578
403
814
271
274
86
601
736
896
307
366
327
163
571
692
407
459
329
259
478
260
378
709
838
397
865
601
234
545
932
887
274
58
425
196
117
579
428
530
28
336
926
791
593
843
833
421
190
407
36
924
147
240
214
17
978
399
217
1
58
924
235
646
761
179
842
596
210
46
741
865
275
528
586
355
28
291
527
81
224
243
955
96
960
372
719
594
113
101
867
538
528
412
418
632
1
822
212
702
507
912
120
105
954
852
192
314
771
986
115
852
394
727
923
792
967
809
519
729
965
758
467
492
568
665
845
718
414
368
774
211
78
406
851
632
850
32
966
127
327
137
1
152
940
14
269
823
337
808
384
648
336
723
640
715
835
257
264
547
508
577
969
651
582
254
181
829
613
472
497
142
565
87
633
957
219
486
303
893
811
840
611
480
55
785
617
738
747
462
304
83
406
480
821
417
137
640
164
169
662
837
910
257
344
842
899
355
905
711
918
910
460
861
642
486
268
265
256
583
97
473
377
254
883
617
592
882
718
617
922
566
427
338
737
579
482
306
165
367
435
846
569
520
418
456
854
603
680
121
297
906
286
448
780
53
348
978
437
323
959
574
58
31
27
506
704
109
689
480
377
446
826
179
991
506
614
940
677
182
747
918
945
183
726
822
109
90
463
393
529
459
520
101
303
760
623
773
840
149
202
817
311
223
957
925
942
981
237
351
824
982
179
909
983
734
755
357
676
310
647
641
309
260
34
5
954
442
579
198
220
714
423
763
72
232
699
399
736
522
626
544
759
348
641
378
301
27
5
959
691
87
251
903
473
996
578
882
4
780
892
874
639
992
63
507
887
227
777
636
327
959
54
877
919
30
356
868
659
375
577
850
742
386
596
870
677
289
806
118
611
260
239
328
372
939
386
729
438
956
676
36
912
886
665
176
128
43
952
706
829
346
1000
389
851
795
371
298
216
277
217
491
91
317
483
638
615
255
483
708
540
431
20
412
68
592
374
45
139
445
735
669
685
42
1
114
184
407
972
948
129
555
898
379
869
674
519
415
115
664
379
419
734
844
569
910
424
230
731
690
972
688
958
738
892
980
688
129
709
631
880
631
134
381
546
83
225
218
889
974
931
689
22
580
927
961
712
294
435
428
800
36
809
662
887
169
677
478
882
995
33
385
336
167
908
366
682
244
20
832
727
838
33
163
757
255
953
956
353
207
231
64
448
164
925
915
977
556
633
24
157
342
199
293
649
222
619
183
550
708
88
196
909
106
854
577
505
153
245
660
861
222
225
981
30
576
471
824
822
290
77
421
311
429
570
33
779
293
410
174
387
63
319
825
30
692
525
805
802
94
40
542
768
617
505
508
652
111
108
158
131
155
440
489
243
169
93
909
965
541
964
703
562
162
476
694
422
569
203
778
875
848
989
601
362
483
226
628
234
584
146
296
565
473
467
112
786
323
653
694
905
978
132
786
304
15
40
229
498
868
447
86
587
245
109
922
526
174
844
980
55
509
292
232
99
678
375
458
987
144
826
519
54
870
135
135
566
493
841
184
231
659
835
546
749
598
112
974
321
946
455
990
737
255
114
258
756
30
919
586
367
124
294
843
427
356
527
592
993
328
432
26
37
194
856
384
399
315
194
896
241
689
956
703
367
705
874
601
323
492
196
833
554
693
877
452
103
468
344
534
519
870
543
585
273
966
540
633
718
312
163
381
989
255
657
418
844
116
538
300
952
13
507
718
578
885
141
452
555
678
567
738
649
857
511
456
34
535
983
6
342
917
367
954
219
706
653
90
519
706
595
31
395
198
828
163
251
629
911
423
899
780
940
786
760
519
163
313
397
484
881
90
488
27
424
260
253
848
879
967
468
995
775
422
432
980
668
944
558
227
190
859
219
505
977
687
246
862
661
325
577
912
55
592
310
470
388
572
391
264
402
949
616
902
574
549
962
874
713
268
911
665
401
103
542
240
948
107
608
725
897
499
586
594
492
956
236
541
463
712
943
342
880
887
887
383
206
55
869
30
811
756
645
847
310
649
78
458
461
365
500
698
358
778
173
96
75
682
842
916
758
746
320
476
573
876
999
777
209
2
468
51
237
355
823
68
849
616
77
541
901
185
739
106
648
529
24
747
159
929
809
153
74
261
919
163
525
259
65
302
452
142
357
458
211
133
262
460
257
575
655
908
299
979
132
430
144
536
314
550
391
156
743
267
492
766
208
689
438
380
873
242
282
430
630
351
519
416
501
428
465
456
995
550
88
962
353
727
415
182
342
849
444
539
105
336
61
782
345
188
524
79
44
864
14
878
660
102
190
303
621
467
189
554
298
816
45
46
333
796
139
827
919
748
898
372
758
985
400
469
137
880
447
736
690
968
291
994
168
843
40
772
674
156
515
61
48
88
729
147
802
188
938
312
890
974
975
220
933
722
826
950
507
750
471
319
138
212
182
818
52
369
899
540
242
273
141
798
437
903
708
556
554
312
482
158
114
211
979
423
829
945
487
42
338
930
222
472
698
393
527
718
636
330
174
66
52
242
262
495
525
314
483
747
27
889
547
765
835
582
828
648
57
242
869
386
418
734
637
41
777
281
903
865
797
0
290
885
268
187
268
476
826
191
494
288
126
769
248
657
127
596
524
452
547
43
119
585
533
715
673
905
25
523
898
636
373
589
363
195
618
132
341
183
719
327
724
646
324
884
705
939
215
193
769
695
822
411
176
457
506
779
547
963
65
178
570
993
389
260
370
712
665
532
161
66
938
824
550
257
794
235
250
955
403
666
436
557
560
815
774
692
313
588
59
423
73
337
258
130
783
54
939
509
670
82
506
716
492
471
314
717
909
263
822
343
599
301
697
61
106
869
469
96
798
476
273
15
731
766
152
970
337
770
848
130
950
657
802
938
425
904
134
290
501
95
883
226
502
127
628
412
488
940
153
334
915
154
127
26
962
403
87
900
576
637
571
45
303
783
621
956
747
596
406
981
789
523
862
799
417
791
206
275
35
161
371
945
673
872
516
137
849
109
556
467
552
541
131
821
282
533
460
555
193
230
411
999
395
79
22
310
437
144
383
486
148
311
772
933
557
963
702
86
923
969
56
296
529
414
301
901
335
921
634
482
862
689
193
921
105
353
979
576
894
292
128
826
526
254
220
88
614
929
560
804
886
30
494
366
436
387
59
743
279
26
747
375
150
381
929
467
77
242
200
709
428
838
373
534
747
367
962
41
44
741
974
583
228
77
813
652
34
228
778
127
88
808
918
668
497
442
188
355
416
730
909
603
2
892
78
826
27
33
185
485
69
884
826
805
543
663
407
477
754
591
713
892
962
999
405
236
459
845
948
75
712
699
179
267
519
690
829
645
460
787
49
369
840
567
609
516
862
484
698
167
3
808
976
38
552
798
474
842
300
669
78
198
349
171
490
401
646
278
996
750
64
926
770
549
859
872
933
742
224
789
100
566
794
131
660
133
46
494
207
450
24
726
851
5
202
492
855
521
467
233
89
907
77
776
301
548
394
272
898
337
27
336
965
230
893
203
384
788
215
553
991
632
658
660
826
568
139
745
800
614
567
387
114
373
869
800
721
119
664
828
823
356
791
458
695
78
723
959
730
846
929
292
744
155
914
954
23
121
788
826
620
366
622
351
600
931
867
356
53
984
646
258
697
164
209
414
369
733
746
729
577
52
236
103
612
664
584
635
65
992
886
646
484
976
952
170
5
264
639
615
570
82
645
713
79
605
844
871
393
965
772
436
81
2
357
38
784
617
555
726
928
432
833
537
161
991
853
134
971
384
772
77
744
18
582
152
261
998
372
835
715
69
663
993
75
970
140
761
936
86
565
64
613
542
394
691
28
23
149
382
475
394
676
699
583
874
75
962
686
803
304
263
37
316
959
568
583
196
805
490
496
271
700
27
865
527
104
947
376
129
841
651
187
166
261
215
607
49
653
580
410
178
615
983
179
317
907
174
489
45
791
527
784
60
223
469
939
46
82
91
683
135
120
760
18
93
184
539
390
691
23
567
515
316
820
286
154
442
312
373
881
836
638
488
376
693
171
83
342
768
207
953
613
159
628
313
815
792
55
603
977
161
303
119
314
834
7
626
398
838
349
140
454
549
358
706
107
231
721
283
825
37
725
754
319
776
74
814
543
668
150
909
791
363
790
986
728
536
83
930
495
579
506
625
811
236
840
44
202
218
164
254
141
336
247
691
492
94
283
487
834
925
281
987
260
466
686
351
47
572
405
742
222
444
77
985
350
927
693
949
361
42
800
970
516
177
956
526
105
968
508
929
447
66
10
192
153
631
723
45
39
276
823
745
273
586
152
217
617
107
229
888
180
238
549
949
172
913
920
789
658
376
462
252
318
928
567
979
575
242
483
599
154
498
323
525
661
604
336
625
948
761
634
287
769
902
355
997
237
262
413
241
852
224
933
617
234
985
947
917
879
671
788
466
337
326
779
475
573
797
690